             o  ,    o  ,                            BARRO COLORADO ISLAND, PANAMA                     Astronomical Applications Dept.
Location: W079 51, N09 09                          Rise and Set for the Sun for 2025                   U. S. Naval Observatory        
                                                                                                       Washington, DC  20392-5420     
                                                      Zone:  5h West of Greenwich                                                     
                                                                                                                                      
                                                                                                                                      
       Jan.       Feb.       Mar.       Apr.       May        June       July       Aug.       Sept.      Oct.       Nov.       Dec.  
Day Rise  Set  Rise  Set  Rise  Set  Rise  Set  Rise  Set  Rise  Set  Rise  Set  Rise  Set  Rise  Set  Rise  Set  Rise  Set  Rise  Set
     h m  h m   h m  h m   h m  h m   h m  h m   h m  h m   h m  h m   h m  h m   h m  h m   h m  h m   h m  h m   h m  h m   h m  h m
01  0635 1811  0641 1825  0633 1830  0617 1830  0603 1830  0559 1836  0604 1843  0610 1841  0611 1828  0608 1810  0609 1757  0620 1757
02  0635 1812  0641 1826  0633 1830  0616 1830  0603 1830  0559 1836  0604 1843  0610 1841  0611 1827  0608 1809  0609 1757  0620 1758
03  0636 1812  0641 1826  0632 1830  0616 1830  0602 1830  0559 1837  0604 1843  0611 1841  0611 1827  0608 1809  0610 1756  0621 1758
04  0636 1813  0640 1826  0632 1830  0615 1829  0602 1830  0559 1837  0605 1843  0611 1840  0610 1826  0608 1808  0610 1756  0621 1758
05  0637 1813  0640 1827  0631 1830  0615 1829  0602 1831  0559 1837  0605 1843  0611 1840  0610 1825  0608 1808  0610 1756  0622 1759
06  0637 1814  0640 1827  0631 1830  0614 1829  0601 1831  0559 1837  0605 1843  0611 1840  0610 1825  0608 1807  0610 1756  0622 1759
07  0637 1815  0640 1827  0630 1830  0614 1829  0601 1831  0559 1838  0605 1843  0611 1839  0610 1824  0607 1807  0610 1756  0623 1759
08  0638 1815  0640 1827  0630 1830  0613 1829  0601 1831  0559 1838  0606 1843  0611 1839  0610 1824  0607 1806  0611 1756  0623 1800
09  0638 1816  0640 1828  0629 1830  0612 1829  0601 1831  0559 1838  0606 1844  0611 1839  0610 1823  0607 1806  0611 1755  0624 1800
10  0638 1816  0639 1828  0629 1830  0612 1829  0600 1831  0600 1838  0606 1844  0611 1838  0610 1822  0607 1805  0611 1755  0624 1800
11  0638 1817  0639 1828  0628 1830  0611 1829  0600 1831  0600 1839  0606 1844  0611 1838  0610 1822  0607 1805  0612 1755  0625 1801
12  0639 1817  0639 1828  0628 1830  0611 1829  0600 1832  0600 1839  0607 1844  0611 1837  0610 1821  0607 1804  0612 1755  0625 1801
13  0639 1818  0639 1828  0627 1830  0610 1829  0600 1832  0600 1839  0607 1844  0611 1837  0610 1821  0607 1804  0612 1755  0626 1802
14  0639 1818  0638 1829  0627 1830  0610 1829  0600 1832  0600 1839  0607 1844  0611 1837  0609 1820  0607 1803  0613 1755  0626 1802
15  0639 1819  0638 1829  0626 1830  0609 1829  0559 1832  0600 1840  0607 1844  0611 1836  0609 1819  0607 1803  0613 1755  0627 1803
16  0640 1819  0638 1829  0626 1830  0609 1829  0559 1832  0601 1840  0608 1843  0611 1836  0609 1819  0607 1802  0613 1755  0627 1803
17  0640 1819  0638 1829  0625 1830  0609 1829  0559 1832  0601 1840  0608 1843  0611 1835  0609 1818  0607 1802  0614 1755  0628 1804
18  0640 1820  0637 1829  0624 1830  0608 1829  0559 1833  0601 1840  0608 1843  0611 1835  0609 1818  0607 1801  0614 1755  0628 1804
19  0640 1820  0637 1829  0624 1830  0608 1829  0559 1833  0601 1841  0608 1843  0611 1834  0609 1817  0608 1801  0614 1755  0629 1805
20  0640 1821  0637 1830  0623 1830  0607 1829  0559 1833  0601 1841  0608 1843  0611 1834  0609 1816  0608 1801  0615 1755  0629 1805
21  0640 1821  0636 1830  0623 1830  0607 1829  0559 1833  0602 1841  0609 1843  0611 1833  0609 1816  0608 1800  0615 1756  0630 1805
22  0641 1822  0636 1830  0622 1830  0606 1829  0559 1834  0602 1841  0609 1843  0611 1833  0609 1815  0608 1800  0616 1756  0630 1806
23  0641 1822  0636 1830  0622 1830  0606 1829  0559 1834  0602 1841  0609 1843  0611 1833  0609 1815  0608 1759  0616 1756  0631 1807
24  0641 1823  0635 1830  0621 1830  0605 1829  0559 1834  0602 1842  0609 1843  0611 1832  0608 1814  0608 1759  0616 1756  0631 1807
25  0641 1823  0635 1830  0621 1830  0605 1830  0559 1834  0602 1842  0609 1843  0611 1831  0608 1813  0608 1759  0617 1756  0632 1808
26  0641 1823  0634 1830  0620 1830  0605 1830  0559 1835  0603 1842  0609 1842  0611 1831  0608 1813  0608 1758  0617 1756  0632 1808
27  0641 1824  0634 1830  0619 1830  0604 1830  0559 1835  0603 1842  0610 1842  0611 1830  0608 1812  0608 1758  0618 1756  0633 1809
28  0641 1824  0633 1830  0619 1830  0604 1830  0559 1835  0603 1842  0610 1842  0611 1830  0608 1812  0608 1758  0618 1757  0633 1809
29  0641 1824             0618 1830  0604 1830  0559 1835  0603 1843  0610 1842  0611 1829  0608 1811  0609 1758  0619 1757  0634 1810
30  0641 1825             0618 1830  0603 1830  0559 1836  0604 1843  0610 1842  0611 1829  0608 1810  0609 1757  0619 1757  0634 1810
31  0641 1825             0617 1830             0559 1836             0610 1841  0611 1828             0609 1757             0635 1811

Add one hour for daylight time, if and when in use.