01  0633 1810  0639 1824  0632 1829  0616 1828  0602 1829  0557 1834  0603 1841  0609 1840  0609 1826  0606 1809  0608 1755  0618 1756
02  0634 1810  0639 1824  0631 1829  0615 1828  0601 1829  0557 1835  0603 1841  0609 1839  0609 1826  0606 1808  0608 1755  0619 1756
03  0634 1811  0639 1825  0631 1829  0614 1828  0601 1829  0557 1835  0603 1841  0609 1839  0609 1825  0606 1808  0608 1755  0619 1757
04  0635 1811  0639 1825  0630 1829  0614 1828  0601 1829  0557 1835  0603 1842  0609 1839  0609 1825  0606 1807  0608 1755  0620 1757
05  0635 1812  0639 1825  0630 1829  0613 1828  0600 1829  0558 1836  0604 1842  0609 1839  0609 1824  0606 1806  0608 1755  0620 1757
06  0635 1813  0639 1825  0629 1829  0613 1828  0600 1829  0558 1836  0604 1842  0609 1838  0609 1824  0606 1806  0609 1755  0621 1758
07  0636 1813  0639 1826  0629 1829  0612 1828  0600 1829  0558 1836  0604 1842  0610 1838  0609 1823  0606 1805  0609 1754  0621 1758
08  0636 1814  0638 1826  0628 1829  0612 1828  0600 1829  0558 1836  0604 1842  0610 1838  0609 1822  0606 1805  0609 1754  0622 1758
09  0636 1814  0638 1826  0628 1829  0611 1828  0559 1830  0558 1837  0605 1842  0610 1837  0609 1822  0606 1804  0609 1754  0622 1759
10  0637 1815  0638 1826  0627 1829  0611 1828  0559 1830  0558 1837  0605 1842  0610 1837  0609 1821  0606 1804  0610 1754  0623 1759
11  0637 1815  0638 1827  0627 1829  0610 1828  0559 1830  0558 1837  0605 1842  0610 1836  0608 1821  0606 1803  0610 1754  0623 1759
12  0637 1816  0638 1827  0626 1829  0610 1828  0559 1830  0558 1837  0605 1842  0610 1836  0608 1820  0606 1803  0610 1754  0624 1800
13  0637 1816  0637 1827  0626 1829  0609 1828  0559 1830  0559 1838  0605 1842  0610 1836  0608 1819  0606 1802  0611 1754  0624 1800
14  0638 1817  0637 1827  0625 1829  0609 1828  0558 1830  0559 1838  0606 1842  0610 1835  0608 1819  0606 1802  0611 1754  0625 1801
15  0638 1817  0637 1827  0625 1829  0608 1828  0558 1831  0559 1838  0606 1842  0610 1835  0608 1818  0606 1801  0611 1754  0625 1801
16  0638 1818  0637 1828  0624 1829  0608 1828  0558 1831  0559 1838  0606 1842  0610 1834  0608 1818  0606 1801  0612 1754  0626 1802
17  0638 1818  0636 1828  0624 1829  0607 1828  0558 1831  0559 1839  0606 1842  0610 1834  0608 1817  0606 1801  0612 1754  0626 1802
18  0639 1818  0636 1828  0623 1829  0607 1828  0558 1831  0600 1839  0607 1842  0610 1834  0608 1816  0606 1800  0612 1754  0627 1803
19  0639 1819  0636 1828  0623 1829  0606 1828  0558 1831  0600 1839  0607 1842  0610 1833  0608 1816  0606 1800  0613 1754  0627 1803
20  0639 1819  0635 1828  0622 1829  0606 1828  0558 1832  0600 1839  0607 1842  0610 1833  0607 1815  0606 1759  0613 1754  0628 1804
21  0639 1820  0635 1828  0622 1829  0606 1828  0557 1832  0600 1839  0607 1842  0610 1832  0607 1815  0606 1759  0614 1754  0628 1804
22  0639 1820  0635 1828  0621 1829  0605 1828  0557 1832  0600 1840  0607 1842  0610 1832  0607 1814  0606 1759  0614 1754  0629 1805
23  0639 1821  0634 1828  0621 1829  0605 1828  0557 1832  0601 1840  0608 1841  0610 1831  0607 1813  0606 1758  0614 1754  0629 1805
24  0639 1821  0634 1829  0620 1829  0604 1828  0557 1832  0601 1840  0608 1841  0610 1831  0607 1813  0606 1758  0615 1755  0630 1806
25  0639 1821  0633 1829  0619 1829  0604 1828  0557 1833  0601 1840  0608 1841  0610 1830  0607 1812  0607 1757  0615 1755  0630 1806
26  0639 1822  0633 1829  0619 1828  0603 1828  0557 1833  0601 1840  0608 1841  0610 1830  0607 1812  0607 1757  0616 1755  0631 1807
27  0639 1822  0633 1829  0618 1828  0603 1828  0557 1833  0602 1841  0608 1841  0610 1829  0607 1811  0607 1757  0616 1755  0631 1807
28  0639 1823  0632 1829  0618 1828  0603 1828  0557 1833  0602 1841  0608 1841  0610 1829  0607 1810  0607 1757  0617 1755  0632 1808
29  0639 1823             0617 1828  0602 1828  0557 1834  0602 1841  0609 1840  0610 1828  0607 1810  0607 1756  0617 1756  0632 1808
30  0639 1823             0617 1828  0602 1828  0557 1834  0602 1841  0609 1840  0609 1828  0606 1809  0607 1756  0618 1756  0632 1809
31  0639 1824             0616 1828             0557 1834             0609 1840  0609 1827             0607 1756             0633 1809